position(x,y,z) diffuse(r,g,b) specular(r,g,b) atten(x,y,z,w) direction(x,y,z) param1(x,y,z) param2(x) rotation

50 100 100 1.0 1.0 1.0 1.0 0.67 0.89 1 0.00001 0.000001 100000 0 -1 0 2 0 0 1 0


1000 0 0 0.5 0.5 0.5 0.7 0.7 0.7 1 0.00001 0.000001 100000 0 0 1 2 0 0 1 0
1000 0 0 0.5 0.5 0.5 0.7 0.7 0.7 1 0.00001 0.000001 100000 0 0 -1 2 0 0 1 0

1000 0 0 0.5 0.5 0.5 0.7 0.7 0.7 1 0.00001 0.000001 100000 1 0 0 2 0 0 1 0
1000 0 0 0.5 0.5 0.5 0.7 0.7 0.7 1 0.00001 0.000001 100000 -1 0 0 2 0 0 1 0

1000 0 0 0.5 0.5 0.5 0.7 0.7 0.7 1 0.00001 0.000001 10000 0 1 0 2 0 0 1 0
1000 0 0 0.5 0.5 0.5 0.7 0.7 0.7 1 0.00001 0.000001 100000 0 -1 0 2 0 0 1 0