position(x,y,z) diffuse(r,g,b) specular(r,g,b) atten(x,y,z,w) direction(x,y,z) param1(x,y,z) param2(x) rotation

1.33 2.5 2.5 0.98 0.85 0.48 0.98 0.85 0.48 2.0 1 0.1 12.5 0 -1 0 0 90 90 1 0
27.5 2.5 1.33 0.98 0.85 0.48 0.98 0.85 0.48 2.0 1 0.1 12.5 0 0 0 0 90 90 1 270
58.67 2.5 7.5 0.98 0.85 0.48 0.98 0.85 0.48 2.0 1 0.1 12.5 0 0 0 0 90 90 1 180
71.33 2.5 2.5 0.98 0.85 0.48 0.98 0.85 0.48 2.0 1 0.1 12.5 0 0 0 0 90 90 1 0
98.67 2.5 12.5 0.98 0.85 0.48 0.98 0.85 0.48 2.0 1 0.1 12.5 0 0 0 0 90 90 1 180

112.5 2.5 11.33 0.98 0.85 0.48 0.98 0.85 0.48 2.0 1 0.1 12.5 0 0 0 0 90 90 1 270
35 2.5 13.67 0.98 0.85 0.48 0.98 0.85 0.48 2.0 1 0.1 12.5 0 -1 0 0 90 90 1 90
2.5 2.5 23.67 0.98 0.85 0.48 0.98 0.85 0.48 2.0 1 0.1 12.5 0 -1 0 0 90 90 1 90
1.33 2.5 37.5 0.98 0.85 0.48 0.98 0.85 0.48 2.0 1 0.1 12.5 0 -1 0 0 90 90 1 0
8.67 2.5 62.5 0.98 0.85 0.48 0.98 0.85 0.48 2.0 1 0.1 12.5 0 -1 0 0 90 90 1 180

1.33 2.5 87.5 0.98 0.85 0.48 0.98 0.85 0.48 2.0 1 0.1 12.5 0 -1 0 0 90 90 1 0
18.67 2.5 117.5 0.98 0.85 0.48 0.98 0.85 0.48 2.0 1 0.1 12.5 0 -1 0 0 90 90 1 180
1.33 2.5 137.5 0.98 0.85 0.48 0.98 0.85 0.48 2.0 1 0.1 12.5 0 -1 0 0 90 90 1 0
1.33 2.5 157.5 0.98 0.85 0.48 0.98 0.85 0.48 2.0 1 0.1 12.5 0 -1 0 0 90 90 1 0
43.67 2.5 152.5 0.98 0.85 0.48 0.98 0.85 0.48 2.0 1 0.1 12.5 0 -1 0 0 90 90 1 180

58.67 2.5 155 0.98 0.85 0.48 0.98 0.85 0.48 2.0 1 0.1 12.5 0 -1 0 0 90 90 1 180
16.33 2.5 147.5 0.98 0.85 0.48 0.98 0.85 0.48 2.0 1 0.1 12.5 0 -1 0 0 90 90 1 0
71.33 2.5 150 0.98 0.85 0.48 0.98 0.85 0.48 2.0 1 0.1 12.5 0 -1 0 0 90 90 1 0
105 2.5 158.67 0.98 0.85 0.48 0.98 0.85 0.48 2.0 1 0.1 12.5 0 -1 0 0 90 90 1 90
111.33 2.5 147.5 0.98 0.85 0.48 0.98 0.85 0.48 2.0 1 0.1 12.5 0 -1 0 0 90 90 1 0

106.33 2.5 137.5 0.98 0.85 0.48 0.98 0.85 0.48 2.0 1 0.1 12.5 0 -1 0 0 90 90 1 0
112.5 2.5 116.33 0.98 0.85 0.48 0.98 0.85 0.48 2.0 1 0.1 12.5 0 -1 0 0 90 90 1 270
110 2.5 101.33 0.98 0.85 0.48 0.98 0.85 0.48 2.0 1 0.1 12.5 0 -1 0 0 90 90 1 270
115 2.5 81.33 0.98 0.85 0.48 0.98 0.85 0.48 2.0 1 0.1 12.5 0 -1 0 0 90 90 1 270
101.33 2.5 87.5 0.98 0.85 0.48 0.98 0.85 0.48 2.0 1 0.1 12.5 0 -1 0 0 90 90 1 0

123.67 2.5 67.5 0.98 0.85 0.48 0.98 0.85 0.48 2.0 1 0.1 12.5 0 -1 0 0 90 90 1 180
113.67 2.5 55 0.98 0.85 0.48 0.98 0.85 0.48 2.0 1 0.1 12.5 0 -1 0 0 90 90 1 180
101.33 2.5 55 0.98 0.85 0.48 0.98 0.85 0.48 2.0 1 0.1 12.5 0 -1 0 0 90 90 1 0
112.5 2.5 43.67 0.98 0.85 0.48 0.98 0.85 0.48 2.0 1 0.1 12.5 0 -1 0 0 90 90 1 90
123.67 2.5 30 0.98 0.85 0.48 0.98 0.85 0.48 2.0 1 0.1 12.5 0 -1 0 0 90 90 1 180

62.5 2.5 23.67 0.98 0.85 0.48 0.98 0.85 0.48 2.0 1 0.1 12.5 0 -1 0 0 90 90 1 90
48.67 2.5 27.5 0.98 0.85 0.48 0.98 0.85 0.48 2.0 1 0.1 12.5 0 -1 0 0 90 90 1 180
30 2.5 43.67 0.98 0.85 0.48 0.98 0.85 0.48 2.0 1 0.1 12.5 0 -1 0 0 90 90 1 90
27.5 2.5 51.33 0.98 0.85 0.48 0.98 0.85 0.48 2.0 1 0.1 12.5 0 -1 0 0 90 90 1 270
41.33 2.5 70 0.98 0.85 0.48 0.98 0.85 0.48 2.0 1 0.1 12.5 0 -1 0 0 90 90 1 0

41.33 2.5 45 0.98 0.85 0.48 0.98 0.85 0.48 2.0 1 0.1 12.5 0 -1 0 0 90 90 1 0
65 2.5 36.33 0.98 0.85 0.48 0.98 0.85 0.48 2.0 1 0.1 12.5 0 -1 0 0 90 90 1 270
78.67 2.5 42.5 0.98 0.85 0.48 0.98 0.85 0.48 2.0 1 0.1 12.5 0 -1 0 0 90 90 1 180
91.33 2.5 32.5 0.98 0.85 0.48 0.98 0.85 0.48 2.0 1 0.1 12.5 0 -1 0 0 90 90 1 0
85 2.5 83.67 0.98 0.85 0.48 0.98 0.85 0.48 2.0 1 0.1 12.5 0 -1 0 0 90 90 1 90

50 2.5 88.67 0.98 0.85 0.48 0.98 0.85 0.48 2.0 1 0.1 12.5 0 -1 0 0 90 90 1 90
70 2.5 58.67 0.98 0.85 0.48 0.98 0.85 0.48 2.0 1 0.1 12.5 0 -1 0 0 90 90 1 90
70 2.5 91.33 0.98 0.85 0.48 0.98 0.85 0.48 2.0 1 0.1 12.5 0 -1 0 0 90 90 1 270
70 2.5 118.67 0.98 0.85 0.48 0.98 0.85 0.48 2.0 1 0.1 12.5 0 -1 0 0 90 90 1 270
85 2.5 138.67 0.98 0.85 0.48 0.98 0.85 0.48 2.0 1 0.1 12.5 0 -1 0 0 90 90 1 90

17.5 2.5 83.67 0.98 0.85 0.48 0.98 0.85 0.48 2.0 1 0.1 12.5 0 -1 0 0 90 90 1 90
21.33 2.5 100 0.98 0.85 0.48 0.98 0.85 0.48 2.0 1 0.1 12.5 0 -1 0 0 90 90 1 0
33.67 2.5 135 0.98 0.85 0.48 0.98 0.85 0.48 2.0 1 0.1 12.5 0 -1 0 0 90 90 1 180
86.33 2.5 102.5 0.98 0.85 0.48 0.98 0.85 0.48 2.0 1 0.1 12.5 0 -1 0 0 90 90 1 0
90 2.5 108.67 0.98 0.85 0.48 0.98 0.85 0.48 2.0 1 0.1 12.5 0 -1 0 0 90 90 1 90


5 2.5 20 1.0 0 0 1.0 0 0 1.0 0.01 0.001 12.5 1 0 0 1 30 60 0 0
5 2.5 5 1.0 0 0 1.0 0 0 1.0 0.01 0.001 12.5 0 -1 0 1 30 60 0 0


1000 0 0 1.0 1.0 1.0 0.7 0.7 0.7 1 0.00001 0.000001 100000 0 0 1 2 0 0 1 0
1000 0 0 1.0 1.0 1.0 0.7 0.7 0.7 1 0.00001 0.000001 100000 0 0 -1 2 0 0 1 0

1000 0 0 1.0 1.0 1.0 0.7 0.7 0.7 1 0.00001 0.000001 100000 1 0 0 2 0 0 1 0
1000 0 0 1.0 1.0 1.0 0.7 0.7 0.7 1 0.00001 0.000001 100000 -1 0 0 2 0 0 1 0

1000 0 0 1.0 1.0 1.0 0.7 0.7 0.7 1 0.00001 0.000001 10000 0 1 0 2 0 0 1 0
1000 0 0 1.0 1.0 1.0 0.7 0.7 0.7 1 0.00001 0.000001 100000 0 -1 0 2 0 0 1 0





end